85123A
71053
84406B
84029G
84029E
22752
21730
22633
22632
84879
22745
22748
22749
22310
84969
22623
22622
21754
21755
21777
48187
22960
22913
22912
22914
21756
22728
22727
22726
21724
21883
10002
21791
21035
22326
22629
22659
22631
22661
21731
22900
21913
22540
22544
22492
POST
22086
20679
37370
21871
21071
21068
82483
82486
82482
82494L
21258
22114
21733
22386
85099C
21033
20723
84997B
84997C
21094
20725
21559
22352
21212
21975
21977
84991
84519A
85183B
85071B
21931
21929
22961
21912
21832
22411
22379
22381
22798
22926
22839
22838
22783
82484
84755
22464
21324
22457
22469
22470
22224
21340
22189
22427
22428
22424
22663
85049A
22168
22662
84880
85099B
79321
22780
22779
22466
21523
21363
21411
22318
22915
22922
22969
22923
21115
22242
22941
21622
35004C
35004G
85014B
85014A
22193
22192
22191
22195
22196
22556
21984
21983
21980
21484
22557
22553
22150
22619
21891
21889
22827
22127
22128
22502
22338
22188
21314
22730
22729
22867
22866
15056BL
22803
35004B
21844
22468
22637
48185
22865
21232
22064
22449
22835
22112
21479
22111
22110
22098
22100
22766
22451
22549
84744
85049E
21328
17091A
22473
84509A
84510A
22767
22768
21463
21464
20820
85150
22117
21169
48129
82580
82578
82581
22413
21907
22441
21122
22851
22810
22809
22435
20966
20963
20961
22068
21743
21744
84709B
21592
21587
20992
22804
20749
22382
20726
22384
22467
84625C
84625A
21108
22848
47570B
84030E
22910
22837
22297
22771
22772
22773
22805
22197
21125
21126
85049C
85049D
85049G
21061
21063
21062
84380
84378
22964
21213
22417
84992
22383
20728
20727
22296
20914
22537
22533
20982
21915
21914
21544
22813
84375
22418
22178
84970L
22465
84949
20685
48194
22488
22219
22610
22716
22706
22371
21210
16237
22714
22812
84347
22736
22620
21705
90199C
22785
22975
22972
22568
85116
22664
21609
21866
20669
90129F
90210B
21955
72802C
22109
22531
21811
22183
21678
21676
85169B
16238
20668
84906
21867
22075
21326
21065
22074
20713
21116
22198
21824
21823
22153
85099F
20717
22952
22739
22738
22909
35591T
22186
22695
22580
22147
22130
22694
21790
22149
22321
22594
22593
22595
21986
22750
22616
22775
22899
22367
22942
22940
21976
22951
22834
21916
22587
22566
22565
22472
22551
22554
22534
22529
22530
84032B
85049H
22807
21494
22938
21892
21890
21718
21716
21715
22113
22358
22357
22115
21481
21485
22585
21556
22646
22644
22645
22650
22508
22511
22829
85172
22142
22144
21591
22480
22294
21156
10133
72800E
84836
20774
20773
20777
16016
16014
21651
22618
21586
22152
84754
22670
84849B
22927
22925
21259
21257
21121
82552
90200B
90059B
90185C
90059E
90059C
90200C
90200D
90200A
22737
21260
22744
21985
22988
22295
16258A
21992
21124
22735
22945
21816
21815
21814
10125
22573
22577
22603
20878
20866
85095
22333
21584
22731
22558
22956
22582
22759
85231B
85231G
22082
22500
22742
21329
21327
21738
48173C
72818
22312
21137
22041
20979
20977
22571
22423
21621
47563A
84558A
21577
22087
22651
22713
21370
21367
22376
21895
21034
22372
21190
21894
70007
46000M
22630
22712
22983
22024
21488
22895
22784
21441
84947
22485
21794
20707
21175
22588
21292
22760
22107
21486
22151
22643
22642
22604
22099
22653
22906
22754
22919
22917
22920
22921
22918
22916
22575
21804
21588
22955
22583
22241
22904
22905
22092
22096
21358
21123
21427
21930
20772
71406C
84985A
20754
84596E
21111
22501
84997D
47599A
47599B
20972
22569
21041
21664
22907
22776
21810
21197
85035B
84968C
21098
21192
72800B
84563A
47504H
21742
22481
22943
22699
22217
22227
21106
21107
22697
21826
22548
17164B
22429
20974
20973
15044B
20750
21135
22173
22626
22625
22624
84945
22244
22243
47421
20712
22973
84569B
22815
85114B
22584
22454
22077
22963
85114C
22974
21452
22743
22911
22453
22445
22570
22607
22635
22634
22968
22222
22947
22187
22164
72598
22627
22487
22360
22364
21657
22120
21038
21625
22097
21179
22185
21662
85104
21654
21658
21519
22819
21506
22704
21498
15056N
22049
21497
21333
22194
22688
84692
22444
22555
22547
22543
22539
22561
22489
22814
21520
21982
21981
21967
22615
22614
22095
22094
21786
21080
22962
22966
21874
21873
21870
84050
22315
22667
22666
22665
22567
21166
85152
82600
22842
22494
22740
22825
22680
22797
21843
22118
22121
22119
22311
72817
22277
20867
21688
21694
22800
22801
22781
21466
21467
21471
21469
21524
22791
21690
37343
22088
21143
84944
22601
22600
22574
85199L
85199S
72741
37495
22171
85067
48184
48138
85019A
85019C
20902
21429
21928
20711
22892
22654
22245
21218
20957
22599
22597
22336
21922
35961
84884A
51014C
51014L
51014A
22366
22876
22953
48111
22847
22846
22652
22402
22400
22399
79302M
37446
37449
21231
84509B
22313
22314
21181
21818
22976
21668
22774
21462
22496
84870C
84870B
22765
21351
21191
22581
22639
22579
22572
21809
21147
22640
22641
22638
22576
21817
21813
21808
21014
21018
22946
M
22816
22818
22660
85232B
21761
21781
85032D
22696
84360
35954
35957
84760S
72816
35598D
85045
21352
22065
35598B
85048
22589
22578
22855
21864
15056P
85174
82615
85038
20971
21354
22965
21672
21374
21365
84032A
84031A
21509
22025
22725
37448
22355
22421
17003
84997A
21136
22794
71477
22030
21055
22519
21472
21877
22524
20765
21704
21703
85035C
72803A
20682
40001
21709
22220
21739
85034A
72798C
35271S
21380
21221
20755
21421
21422
22617
21056
84832
22863
22792
84970S
21364
21042
47567B
22271
22272
22273
22274
21172
72760B
22602
22365
22507
62096A
85071D
21272
22044
21918
22029
22037
21360
84077
22898
84792
21356
22179
85175
20893
20975
22440
22434
22564
21215
21058
21060
21719
21722
84826
21881
21880
10135
22422
22536
22491
21355
21518
22023
22027
22718
22717
22028
21670
21669
21671
21673
22460
22432
22433
22431
84674
21069
21070
22419
22676
22672
22928
22778
22777
22477
21875
22924
21217
79066K
22301
22446
22832
20674
20676
82582
22170
21679
21428
21868
22840
79191C
20733
47471
16046
85135B
21154
22755
22796
22733
22560
22559
22896
20967
84031B
21430
21313
47566B
22499
22090
22071
22070
21216
20983
21537
21533
21527
21538
85216
22131
21163
21158
21161
21159
22212
84971S
21390
22335
22285
22284
21383
21381
47590B
47590A
22210
22209
22208
21872
21888
22822
85136A
22385
20969
20970
22374
22375
21741
85061W
21385
21288
21803
21801
40016
22202
21064
47591B
47591D
84341B
84509G
16235
20986
20832
84846A
22442
21563
21769
85227
20798
22669
22320
21249
22493
21561
85132A
85132B
85132C
22215
21238
20675
21239
21244
21245
21207
21987
21988
21989
22316
22332
22437
21086
21206
20677
22083
22806
22893
22841
85159A
85064
21784
22849
17090D
17090A
72127
72133
84763
85127
20978
21833
22450
10124G
84519B
22349
22505
22514
22862
21504
22292
21211
21974
22045
90175C
90180A
90178A
22746
22986
20984
22436
21465
21470
16012
85025C
21851
21849
85124B
85124C
20828
21830
21623
85184C
85177
22795
84946
22169
16156S
85049F
22426
22190
90082D
90082A
90082B
90081A
90204
90185B
90195A
90195B
90196A
90199A
90177C
90186A
20894
85106
21415
21710
22174
21416
21417
22343
22474
18097A
18097C
22977
21899
21911
21902
21901
21948
21949
20759
20760
20757
20981
85185D
85185B
22328
22327
79164
84683
21745
79163
21155
15060B
21700
22985
22821
85114A
22705
20724
22084
22356
22380
72801C
72801D
21735
21500
15036
21408
BANK CHARGES
20718
21539
22341
22452
21508
21507
21499
20719
85178
84952C
84952B
71459
35001G
22264
20665
22181
21392
21393
21268
22902
85144
21025
21031
21030
21026
21032
21578
22350
21357
20766
21398
21399
22562
21714
21990
20751
21993
21935
20752
22636
21426
21581
90002D
82551
82599
21908
82583
82567
21174
21900
70006
22031
79067
21788
22408
22406
22405
84950
22275
37450
22043
22042
22089
46000S
72799E
85066
21129
21059
22877
22869
22878
22207
21927
21925
22763
22141
22334
21349
22655
22060
22061
21531
22180
21039
21157
47559B
22649
16161P
16161M
85214
84247G
22890
21530
21528
72807C
21820
21821
22162
21706
21114
20615
47021G
22443
20681
22605
22751
22155
21807
22161
20956
22067
22689
22591
22276
22503
22504
22158
22944
22747
22621
22845
79000
22802
22078
85049B
21878
85131A
22300
10123C
10120
84006
20767
90094
22758
21882
21884
22756
22757
22154
84993A
84987
20998
21407
22702
22550
22076
84925D
84520B
21078
85018D
22732
47503J
22278
37464
84247N
84247K
22035
21250
21677
22438
47504K
84212
21828
21377
21379
37489D
17107D
22132
22133
37489B
37489C
21564
21932
21933
21100
37489A
22072
84534B
84536A
21905
21164
47566
21945
22844
22414
21906
22456
22116
85130A
85129C
22753
22137
85230B
85230F
22306
85136C
22331
84849D
22409
90128B
90196B
90198B
90152B
90151
22482
20661
21850
20652
21845
22304
22398
20854
84877D
20657
47422
21642
20658
22396
47503H
72130
72128
84562A
21936
21040
21937
22701
22359
22361
22362
82011C
84865
21287
79337
85111
22307
85078
72802A
85036B
85035A
85034C
84614A
22509
22471
46000R
22786
22686
22678
22586
20697
20699
22671
85135C
22854
20936
84580
21579
21112
17109D
21011
22853
11001
72807B
85034B
72802B
72800D
22476
84819
90185D
90175A
22458
22459
21165
22156
21876
22080
22079
90162B
90162D
90167
22403
22563
84581
84827
22592
22799
22305
22415
22255
22256
21447
47310M
21446
22525
22479
22478
84508B
84678
21787
21774
21439
21195
21555
84279P
21829
22390
22483
21054
84963A
72349B
17091J
72232
84993B
20686
85206A
22021
84898F
21445
77101A
84358
21294
21468
21558
22123
22897
22939
21836
22788
22184
71279
22761
22769
22762
21802
35653
22348
85130D
15039
84978
84569D
22175
72351A
84921
22439
84508C
84352
22412
72051S
72799F
84596G
20764
84535B
84536B
47579
21726
21723
21110
35953
84051
21187
35471D
21696
22034
75013B
20829
22830
21580
22231
22859
22860
22093
22091
21865
20748
85208
22129
22808
21109
20702
85187
79190A
15034
47593B
85129D
85129B
35924
21624
20671
84988
22430
21903
21904
21361
22843
22199
22200
85055
84968A
37509
82616B
47343A
47369A
47369B
47367B
22337
22354
21695
84773
22251
22252
22135
22069
21401
84597C
51020A
51020B
21306
21311
21307
21635
22081
21277
22475
22532
90200E
90062
84596L
84596F
22346
22344
22345
84920
21243
85062
84658
47580
18098C
85016
22984
85015
22134
22949
85036C
85170D
21640
21202
35971
21822
84531A
84531B
21910
22674
22461
22833
22690
84881
21613
21693
22497
84809A
79190D
22157
22811
21713
20802
22052
20781
22389
72807A
84840
22073
18007
21675
21720
21240
21242
35241
22606
37479B
37482P
20903
20897
71403
21291
47594A
21162
22425
84926D
84926A
22233
35400
22486
72801G
84711A
84507C
22176
16169N
22891
20769
35597A
47480
84522
20731
35597B
21253
21366
21682
21219
84596B
21226
79030G
79160
22203
22329
72351B
16011
21224
72131
21089
21647
72122
84912A
85036A
84795B
22719
21692
21618
21917
84569A
20775
21576
90179C
90060D
71270
21819
85020
22059
20861
21827
79051A
85169A
21495
17007B
10124A
21644
46000P
21638
40005B
18094C
47586A
46115B
84975
21336
21262
22050
21680
20819
84925F
21812
22535
21547
17021
35001W
21617
21001
21000
22693
20782
21397
22948
35646
47574A
72819
84665
22283
20857
48188
21627
85047
22498
21789
51008
84725
37479P
21534
22515
22518
35958
22101
22545
17038
21012
84912B
79144B
84388
17084J
84968F
84968D
22613
22908
85167B
21171
85232D
20780
22299
21773
22139
21689
84247E
21616
20762
85170B
22770
21557
84596J
85170A
85059
84497
85026B
90175D
21725
82001S
22495
20985
85176
90212B
90212C
22708
22048
16161U
22710
22051
22931
22930
22937
22936
22935
22789
21275
84924A
37447
20716
22167
47348A
22932
85024C
20996
21947
71038
84613C
84828
84910A
20763
21991
84559A
22085
21201
21246
22211
21376
21375
21205
84559B
20618
21896
16202E
22265
47420
22510
48116
22063
22057
90184B
90184A
20703
22513
71496A
71495B
22378
78124
37500
22166
22145
22163
20761
22138
85118
85230G
35833P
62018
71215
20886
20695
84508A
20892
22324
22820
16168M
84952A
21846
84706D
D
22828
21066
21281
21684
21289
85170C
22516
22523
22521
22698
85053
84875B
84876D
90211B
84192
C2
21628
21630
22673
22254
22894
21615
22236
22933
85039C
85107
22741
21051
21382
44234
44235
75131
40003
22026
90036D
21535
22598
16015
16008
21284
21683
22824
17084N
17084P
21128
21132
84818
21879
22230
85008
84913B
84913A
84915
84916
84843
85032A
85032C
35648
37501
84849A
37333
22734
47578A
20778
20758
20770
20771
22416
21562
84356
37475
84951A
84951B
22308
22053
22692
21131
22817
20659
20654
17165D
21442
22291
15058A
22319
20868
21189
90081C
22628
22377
21261
85084
81950V
84631
84799
84789
22393
22391
85230E
22826
22852
22105
22102
22903
21942
85071A
16225
16033
20830
20831
22420
21648
21944
21721
22677
84509C
90186B
90190C
90003D
90003C
90067A
90003B
22055
21378
22934
85032B
22857
85017B
22858
22861
22232
21717
20793
16218
20664
47593A
20670
21943
21946
21711
20666
22136
20735
21027
85136B
72132
84882
22681
16216
20980
21973
84660B
22700
21248
82011A
20801
82616C
85183A
35610B
35610C
84927E
84816
90129A
90120D
22512
85006
21619
22954
22611
22675
22047
21331
20846
21666
22214
20847
20848
79190B
20826
21145
84575A
84313C
84313B
90125D
21473
82605
90210A
20803
22342
22782
84766
35095B
84823
22887
22884
22720
22722
21620
84817
84820
84821
35832
35651
84917
22711
22522
22520
22270
85195
21188
85194L
21319
22721
22723
90058B
21650
84597B
20856
17084R
84688
20622
20617
20655
84616
84666
21200
84673A
84673B
21749
90210D
85180A
84660C
84660A
82613B
82613D
22647
85180B
20704
20705
37503
22831
21386
22223
90185A
90146
90161D
90161B
90161C
90129C
90129B
22269
85040B
85039B
85039A
35610A
35817P
22546
22656
85141
21656
90042A
90136
90060B
90035A
90133
90179A
79329
85146
22033
22032
84751B
85211
84620
21448
22609
22108
85212
82613C
84929
17012C
17012E
21194
21792
21707
17014A
17012A
17012B
17012F
22868
22874
22870
22875
22873
22872
22871
22302
47594B
21196
21199
22218
22279
22394
21934
22970
90209C
22303
21631
90057
22062
22040
21348
47503A
22971
84877B
21643
84078A
84926F
21400
35911A
20910
85031C
84012
84813
85027L
79030D
84613A
21043
22395
37342
37327
85169C
85169D
84750B
85040A
21746
85173
85054
22263
22259
22258
21632
16236
16219
21279
16048
85159B
22325
35965
21391
72800C
17011F
17012D
35809A
35810A
35607A
22410
21389
84859A
85103
85031A
85031B
21286
22249
84584
20696
35914
20794
85205B
22929
85163A
85163B
85232A
22309
21424
22221
46000U
21698
90154
90199D
90014A
90170
90178B
90114
20768
16169P
21793
85109
84804A
84800L
84800M
84802A
84806A
22668
22286
20941
84457
85130B
84249A
21251
22538
21198
90027A
90027D
90019A
90040A
90120C
90040B
90198A
22262
22260
22066
20932
84199
72225C
82613A
22679
22685
22683
22682
85135A
22608
22823
21285
22526
22517
15044C
15044A
22282
90022
90104
84499
21403
21067
16045
90108
90173
21394
21972
22046
17013D
16206B
46138B
20701
47585A
22201
84926E
21503
22293
22148
84218
85194S
90125A
35911B
84989A
16169M
20934
22715
22709
22288
20785
37476
85089
84931A
84931B
35909A
35910A
85096
21269
21413
21763
20933
35972
84459B
21455
21204
17096
47589
84638
84637
84927F
79323B
21645
22261
21278
21209
47518F
22684
85042
16156L
21318
85025B
47351B
21002
21084
21088
21090
21096
85093
85094
22707
84251B
84251G
84251C
84707A
22248
22250
22229
84510C
84741C
21220
21222
22266
22268
22267
21003
22257
21785
21757
90123B
90123C
90122A
90184C
90122C
90156
90155
84874B
75049L
22228
79191B
85071C
84600
84617
21332
84685
62094B
37444C
22448
84247L
21686
21655
79323P
79071B
44091A
21280
16169K
22889
22886
22885
22883
22882
22881
22880
22879
22888
22856
22703
85203
85204
85197
20684
21028
21775
85019B
16207B
20698
47556B
21208
35265
21747
22281
84459A
22322
23231
21626
35915B
62086A
37340
23230
85206B
22182
20931
84748
85189
21454
84745A
84745B
22287
85186C
21117
90010B
90210C
21459
21460
85186A
22247
85087
90125B
22957
21368
85131D
85131C
85131B
23233
22967
35921
85200
84231
21461
84462
84461
35922
84675
22447
47481
47469
23232
22204
84905
84806B
21458
85188B
85198
15044D
35095A
84796B
20619
21633
84228
84226
79323W
84801A
84592
84927D
84800S
21736
79192A
21420
85130C
20756
21371
21095
84927A
35920
40046A
37467
84527
72799C
22317
71101E
21457
72134
21456
21926
21317
35647
46775D
84632
90197B
85215
35913B
35912B
85202
22146
21359
20616
21476
35810B
72815
22363
22165
84974
72821
22596
84968E
22246
85126
90032
90123D
90123A
90010E
90148
90016B
90016A
84847
85188A
20898
21316
21320
20818
20662
85160B
84465
20851
20845
84715
84919
84907
84707B
85024B
71496B
35915C
17028J
17084A
21167
84795C
21758
62074B
84279B
85230A
84801B
84805A
79191D
35923
84712B
84708B
44089A
84723
22038
84086C
90037B
90098
15058C
22989
22407
22541
72780
84452
22353
22990
84568
84598
84659A
20694
22691
85092
37413
35815P
21228
90202B
90202C
90174
90039C
90161A
90120B
90122B
22103
90070
90160A
90010A
75178
75172
45013
21636
79403
71510
85017C
21641
44265
21708
90055
90064B
90011B
90064A
90063A
90063B
90029
90147
44089C
44236
22280
21681
35909B
84663A
84661C
84857C
84859C
84033
79406
22289
22980
22993
22991
22992
21898
22978
23000
22998
22997
23005
22996
23006
23002
22999
22995
79062D
20837
47341A
21629
22351
22994
23003
85125
79331
84306
44092C
44092B
90018B
90160D
90160C
90014B
90065A
90191
90024F
90026D
90143
90024C
90000B
90000D
90000A
90026C
90026B
35638A
84691
90209B
85065
84876B
21661
46776B
22216
21414
84429A
82095
35637A
35637C
23004
84466
85086A
90100
90096
21087
21418
84858C
72140E
84563B
17001
71050
85213
35916C
15058B
84687
46118
84802B
84803B
84798A
21293
90160B
23182
20796
22979
23177
23193
23194
23176
22982
23126
23127
46776C
23128
90166
21634
90141C
90141A
90183C
90124B
23179
22981
23049
23053
23054
23050
23052
23051
79026B
23184
90084
23183
84798B
90040C
90038B
90038C
21369
35916A
62096B
84593
16248B
21841
17136A
23181
23178
23187
37423
23186
23180
23185
22764
20839
23009
23007
23008
85088
82011B
20653
84535A
23010
16202A
85098B
84842
16161G
90201B
37444A
85161
85023B
47013A
84968B
21750
35910B
46776E
84750A
78033
21402
21395
37351
37488A
85030
84507B
21637
47344B
46126A
17129F
90036F
90030B
90131
85224
23077
23076
47013C
21372
84548
84796A
23078
21897
21770
23156
23154
23155
23159
23158
85145
85028S
16010
21270
90164A
90124A
90124C
21847
84509E
84510E
90099
16259
23157
90014C
85179A
35649
85063
21425
35809B
84686
20821
84877A
84875D
22106
90180B
85028L
23256
90024D
23255
23254
78034B
90001C
90025A
90142D
37487B
84839
23205
23201
23207
23199
23206
23204
23208
37468
84689
90194
84856S
44242B
46776A
46776F
46776D
PADS
23065
23057
23075
23066
23153
23073
84549
21614
23146
23061
23055
23056
20823
23140
23141
23135
23132
23152
23068
23134
23133
84990
84595E
23147
23148
23144
23142
23145
23253
23136
23137
23138
72024U
16049
90135
90138
90159
90164B
90163A
90163B
90158
90157
90051
23069
23067
47341B
62097B
62043B
90021
23163
23284
23283
90201D
90201C
90201A
23162
20840
20816
23048
23042
23041
23040
23064
85225
23130
84629
20835
22987
20836
20838
23160
23161
23164
23149
23131
23150
23143
23299
23298
23070
84576
35607B
35967
23060
90058A
23043
23045
35599D
20700
84859B
84609
23209
23200
23203
23202
23046
23047
23044
16052
23282
23280
23190
23191
21263
21265
21264
23171
23172
23170
23175
23174
23173
23081
84922
23084
23281
23072
22104
23118
23096
23091
23094
23108
23080
23110
23192
23100
23102
23082
16151A
23093
23109
23103
23112
23071
23111
23079
23104
16244B
23168
72812
23151
23165
23166
23167
23089
23107
90039D
90039B
90039A
23169
23106
23087
23088
90035C
23301
23300
23302
47574B
23090
23083
23092
23085
23099
23086
84661A
23139
84873A
21015
37471
20795
23129
84804B
23101
90202D
90093
90085
90086
90144
90050
90141B
21310
90041
23228
23227
90125E
90125C
23444
20667
23226
84711B
84206C
23214
23215
90059F
90208
23210
23213
23212
23219
23224
23221
23263
23309
72586
90145
84422
23307
23306
23308
23274
23275
35818P
21373
16043
90102
23240
23238
23243
84661B
84415B
84415A
23245
23239
23241
23242
23273
23247
23216
22950
23237
35966
35968
23235
23244
23236
16054
23321
23310
23220
90116
84824
90214A
90152A
23211
16162L
35970
23266
23270
23265
23264
23269
23268
23252
23322
77079
23286
23338
23285
23288
20901
37462E
23343
90026A
90036A
90036B
90079
90001A
90001D
90001B
90073
90177B
90190B
90190A
90187B
23271
23287
23335
23251
23249
23250
23188
23229
23337
23012
23014
84551
23020
23032
23028
23031
23029
23033
23034
23035
23013
79063C
20869
23336
23022
23344
23234
23290
23291
23289
23292
23016
23026
23119
23123
23122
23120
23121
23124
23125
23039
75011
85168B
35933
23023
10080
84679
23019
23272
23036
23021
23027
23015
23024
23225
23217
23223
23222
22687
23267
23198
23323
23196
23197
23342
23341
23037
16254
90176D
90177D
23315
23317
23017
23018
23025
23316
23339
15030
71143
79063D
84976
23320
21344
23574
81952V
81952B
72811
90214C
90214K
90214E
90043
90049
90046
90048
20997
90205C
90205A
72709
84706F
84539
22124
44242A
35645
23038
23313
23296
23294
23293
23295
23297
84924F
90214D
90214I
90214L
81950B
81953B
79144C
23318
23319
23311
90192
23312
22959
23550
22339
23218
37491D
37491B
37491C
23549
23546
16162M
84857B
23545
16169E
23547
35638B
23548
84872A
23346
23345
84984A
84984D
85179C
23347
79336
23340
90019B
23360
23359
23314
23373
23436
23353
23354
90101
90206C
84963B
23349
23350
23374
23438
23352
23351
84984B
23324
23189
90013A
23329
23330
23332
23333
23328
23331
23327
23334
23326
23325
35816P
35597D
35818B
84732D
84732B
35916B
23356
84206A
84201B
23355
90176C
90176E
35443
23358
23437
23375
22039
90003E
44228
90209A
23445
22340
23439
90018C
90024B
90036E
90211A
23431
23433
23348
84201C
35819B
35599B
23432
90018A
90183A
23551
23357
23396
23395
23394
23407
23393
23427
23397
23377
23399
23411
23398
90206A
23378
23376
23404
23424
23406
23414
90013C
23426
23381
23425
23403
23405
23412
23400
23380
90019C
90038A
23415
23417
23402
23408
23401
23410
23559
23423
23421
23422
23413
23435
23434
23418
23391
23392
79149B
23390
23379
23389
23074
23419
23388
23416
23409
23058
90130B
84016
23420
35819P
84805B
23113
90030A
90030C
23630
23503
23366
23367
23504
23520
23511
23517
23371
23493
23370
23368
23505
23369
23372
23512
23515
23514
23518
23510
23508
23509
23507
23513
90031
35964
23365
20935
90023
23502
23516
23519
23494
23506
90028
90074
23461
23466
23469
23484
23471
23116
23117
23114
23115
23472
23470
23524
23535
23534
23541
23539
23522
23526
23533
23542
23528
23543
23530
23538
23521
23523
23531
23527
23483
23529
23536
23544
23532
23525
23540
23537
23500
23465
90129D
90129E
23501
23468
90087
79157V
90189A
90054
90188
90071
23448
23447
23446
90012B
90012A
23382
23660
23661
23564
23567
23487
23490
23453
23452
23451
23482
23459
23565
23456
23463
23464
23457
23455
23568
23566
23467
23458
23579
23702
23479
23558
23556
23554
23557
23555
23481
23553
23489
23491
23492
23477
23478
23476
23486
23460
23499
23485
23462
90025F
23480
23473
23570
23454
23571
23569
72369A
23474
23582
23583
23581
79157B
90036C
23475
23497
23304
23303
23305
90162C
23495
16207A
23496
23691
90181A
90199B
90069
90176A
90176B
23681
72783
90162A
23695
90119
23697
90065B
23598
23597
23664
17191A
35598C
90214S
90214G
90214H
90214J
90214M
23694
23442
23449
35598A
23428
84206B
84086B
17174
23430
23429
79161A
23441
22125
71495A
90130A
90011A
23440
23552
23498
84550
23578
23580
23575
23560
23576
23562
23561
79151B
90214B
90214F
90214N
90214O
90214P
90214R
90214T
90214U
90214V
90214W
90214Y
90214Z
90083
90089
